193785

10, 789, 185, 482, 570
174, 678, 14, 360, 441, 72, 299
615, 421, 562, 507, 646
611, 99, 23, 345, 605, 87
813, 370, 44, 631, 474, 600
473, 642, 74, 425, 256, 699
45, 536, 526, 265, 129
707, 240, 55, 378, 291, 743
133, 333, 239, 112, 24
665, 109, 247, 466, 436
8, 164, 201, 199, 700, 512, 514
610, 374, 283, 138, 788, 691
771, 4, 636, 432, 618, 537
285, 371, 410, 584, 792, 821, 434
579, 775, 376, 448, 752, 613, 289
131, 95, 327, 182, 349
685, 301, 530, 211, 607
142, 751, 166, 396, 128, 120, 335
419, 783, 580, 576, 675
651, 491, 94, 463, 673
108, 152, 82, 252, 63
293, 70, 69, 56, 59, 305
531, 136, 67, 702, 208, 263, 319
11, 275, 213, 408, 81, 49
443, 214, 742, 810, 266, 748
591, 778, 366, 643, 329, 578
698, 649, 430, 490, 627, 574
365, 273, 732, 324, 198
809, 73, 540, 451, 555
747, 762, 406, 560, 27, 705
238, 426, 90, 641, 791, 422
407, 294, 281, 86, 394, 504
663, 753, 230, 450, 803
689, 703, 768, 638, 107
34, 815, 328, 191, 227, 830, 824
556, 502, 543, 459, 64, 423
183, 640, 528, 656, 143, 713
513, 233, 755, 797, 657, 780, 773
404, 5, 582, 341, 313, 206, 779
733, 188, 220, 115, 316
479, 195, 54, 475, 175, 460
347, 619, 769, 209, 169, 110, 608
278, 39, 113, 83, 30, 236, 168
653, 572, 461, 761, 715, 679
377, 630, 616, 496, 222, 53
309, 818, 354, 626, 435, 558
835, 585, 524, 442, 93, 763
590, 509, 541, 567, 664
414, 121, 666, 40, 382, 315
806, 741, 454, 655, 725, 487
714, 805, 592, 368, 736, 588
320, 340, 709, 469, 438, 385
268, 298, 391, 637, 706, 162
612, 597, 156, 424, 704, 759
104, 21, 58, 413, 348
620, 831, 577, 746, 808, 337
1, 193, 105, 84, 270, 42
261, 323, 196, 61, 274, 36
811, 88, 669, 499, 100, 650, 455
420, 508, 257, 353, 654, 380
384, 369, 226, 80, 47, 29
552, 672, 428, 515, 550
814, 264, 427, 571, 216, 231
557, 606, 793, 760, 833, 827
149, 583, 633, 52, 308, 38
12, 276, 728, 516, 754, 569
218, 395, 338, 117, 314, 674
78, 719, 165, 127, 139, 398
134, 784, 750, 694, 245, 237
186, 217, 125, 210, 358, 331
510, 197, 680, 212, 722, 547
76, 804, 402, 171, 167
554, 351, 286, 401, 476, 225
559, 140, 517, 346, 782
325, 13, 306
671, 307, 433, 525, 593, 826
229, 145, 355, 203, 161, 147
712, 452, 644, 390, 729, 495, 122
259, 157, 96, 589, 765
690, 617, 462, 635, 498, 723
411, 415, 250, 383, 170, 135
595, 6, 786, 484, 822, 542
15, 734, 118, 538, 221, 668
609, 232, 470, 645, 660, 57
812, 527, 766, 587, 624, 825
564, 807, 150, 488, 681, 9
403, 192, 453, 66, 144, 321
444, 711, 124, 375, 726, 16
318, 445, 520, 389, 494, 573
575, 417, 770, 62, 399, 772
523, 534, 816, 471, 493, 724
776, 710, 446, 405, 708
486, 177, 801, 258, 269, 659
248, 381, 553, 160, 253, 126
215, 180, 282, 243, 146, 602
111, 477, 717, 721, 730, 297
356, 604, 785, 532, 18, 279
2, 85, 339, 255, 242, 204
373, 500, 696, 300, 614, 7
280, 521, 695, 758, 628, 155, 43
37, 519, 330, 400, 173, 312
485, 357, 716, 548, 223, 677, 518
603, 303, 781, 639, 342, 480
89, 224, 163, 106, 393, 200
551, 119, 251, 141, 467, 397
796, 802, 693, 568, 652
132, 794, 647, 207, 563, 662
667, 823, 97, 684, 367
739, 829, 727, 478, 497, 41
46, 418, 535, 549, 601, 529
372, 296, 596, 701, 114, 336, 566
501, 468, 749, 458, 594, 598
187, 718, 68, 311, 189, 287
295, 271, 686, 533, 688, 363
777, 764, 546, 738, 629, 260
623, 234, 511, 364, 60, 416
676, 731, 561, 344, 634, 123
25, 322, 154, 20, 277
586, 190, 670, 483, 33, 50
744, 599, 737, 683, 447, 465, 756
648, 158, 326, 65, 386, 361
22, 387, 79, 151, 3
17, 437, 440, 457, 800, 244
449, 481, 362, 625, 202, 661
790, 137, 539, 352, 235
687, 745, 795, 102, 505, 388
544, 92, 774, 172, 622, 720
392, 350, 246, 249, 178, 409
176, 798, 740, 489, 632, 506
304, 48, 19, 412, 262, 51
787, 32, 503, 288, 98, 267
75, 522, 464, 429, 205, 565
254, 181, 472, 317, 28, 228
359, 379, 91, 817, 101, 290
828, 757, 692, 697, 179, 834
148, 799, 71, 332, 302
621, 836, 284, 819, 682, 439
545, 343, 431, 103, 184
735, 31, 658, 456, 153, 492, 272
581, 26, 35, 194, 832
116, 130, 159, 292, 241
310, 219, 820, 77, 767, 334
