77349

458, 741, 83, 644, 499, 375
201, 241, 38, 482, 248, 555, 439, 526, 598, 626
493, 336, 392, 172, 355, 10, 332
50, 69, 426, 669, 12, 141, 103
524, 559, 150, 550, 520, 187
163, 475, 546, 634, 581, 566, 22
513, 319, 316, 80, 492, 191, 200
127, 416, 474, 450, 360, 197, 679
629, 27, 317, 43, 456, 341, 638
257, 517, 202, 348, 184, 238, 618, 543, 602
213, 471, 490, 685, 522, 627, 412
645, 479, 327, 235, 86, 353, 593, 699, 508
655, 478, 314, 417, 723, 337, 145
535, 436, 371, 199, 443, 196, 361, 267, 303, 604, 737
45, 639, 396, 175, 615, 662, 198, 485
402, 403, 561, 433, 742, 460, 107, 192
708, 261, 612, 538, 95, 234
657, 449, 128, 432, 399, 124, 81, 115
153, 114, 693, 620, 155, 687, 701, 670
176, 682, 719, 36, 528, 646, 223, 607
344, 180, 47, 311, 696, 370, 585, 549, 356
680, 23, 480, 323, 599
56, 330, 254, 582, 224, 162, 438, 26, 226, 340
533, 240, 25, 393, 529, 347
167, 90, 408, 296, 603, 46, 369
544, 54, 258, 624, 539
209, 276, 179, 440, 85
73, 178, 660, 134, 446, 131, 577, 489
274, 265, 188, 122, 731, 714, 168, 391, 705
385, 149, 444, 171, 359, 668, 352, 19, 263
733, 511, 315, 132, 325, 592, 212
654, 301, 673, 422, 414, 156, 7
183, 89, 442, 298, 84, 703, 594
165, 404, 576, 611, 431, 255, 420, 59, 715, 53, 182, 625, 506
366, 481, 406, 193, 363, 110, 351, 631
304, 215, 106, 334, 15, 372, 494
219, 386, 271, 666, 743, 643, 736, 606, 588, 300
457, 77, 495, 537, 170, 547, 130
637, 285, 93, 220, 169, 665
136, 35, 281, 563, 676, 405, 91
454, 583, 664, 275, 722, 109, 487, 74
206, 305, 227, 62, 632, 712, 445, 148, 429
18, 681, 5, 421, 672, 338, 595, 65, 160, 671, 279
729, 415, 534, 571, 251, 14, 689
614, 137, 726, 395, 322, 100, 601
418, 441, 510, 410, 568, 245, 40
419, 656, 260, 409, 9, 237
498, 707, 249, 451, 589, 231, 42, 647
286, 502, 138, 320, 514, 507, 17
530, 609, 354, 120, 230, 527, 346, 692, 616
488, 437, 515, 350, 229, 67, 518
497, 667, 636, 713, 542, 500, 71
87, 299, 44, 297, 161, 545, 8
608, 335, 716, 720, 32, 658
328, 496, 253, 151, 597, 448, 92, 745, 683, 469
4, 435, 463, 619, 724, 290, 622, 52
461, 430, 388, 118, 652, 105, 306, 208
633, 49, 694, 269, 557, 447, 552, 204
273, 709, 222, 397, 677, 278
728, 29, 236, 88, 309, 373, 558
318, 288, 207, 401, 453, 717
164, 345, 214, 112, 491, 532, 232
37, 472, 536, 139, 649, 473, 394, 104, 467, 383
205, 398, 177, 468, 641, 377
239, 484, 734, 651, 189, 75, 76
357, 725, 259, 116, 144, 313, 540, 384
486, 678, 630, 362, 368, 434, 698, 250, 521, 64
329, 663, 407, 684, 740, 111, 455, 101
400, 413, 688, 587, 512, 41
216, 68, 661, 308, 6, 119, 121, 79
642, 242, 210, 600, 349, 283, 94, 464
648, 376, 551, 541, 97, 262, 203, 307, 142
233, 554, 382, 102, 704
459, 374, 152, 48, 575, 746, 358, 556
58, 98, 452, 628, 466, 244, 294
653, 63, 243, 2, 427, 113, 590
700, 574, 326, 333, 143, 650, 331, 70
343, 748, 675, 570, 31
3, 621, 567, 476, 289, 82, 256, 194
462, 21, 252, 246, 747, 560
72, 367, 702, 738, 295, 379
635, 135, 584, 711, 33, 185, 217
610, 126, 264, 16, 721, 562, 140, 284
339, 166, 605, 268, 378, 24, 129, 732, 503
591, 565, 428, 218, 519, 272, 483, 228
706, 117, 291, 387, 423, 221
55, 364, 381, 159, 579, 61, 465, 411, 34
11, 525, 195, 66, 505, 674, 302, 310, 695
99, 266, 154, 718, 690, 623, 133, 659, 596
730, 504, 324, 572, 270
292, 531, 147, 564, 1, 186
578, 569, 247, 287, 158, 173, 225
686, 96, 586, 20, 727, 425, 342, 39, 501
697, 280, 744, 617, 190, 312, 146, 181, 553
380, 390, 640, 365, 211, 277, 516, 57
51, 389, 174, 108, 691, 30, 573, 523, 735, 123, 321, 78, 28, 470
739, 477, 293, 613, 13, 580, 424, 548, 125
282, 509, 60, 157, 710
