81982

261, 343, 655, 545, 594, 677, 315, 341, 204, 443, 224, 338, 532
638, 476, 645, 54, 498, 114, 191, 510, 92, 625, 103, 322
327, 192, 200, 88, 30, 126, 58, 13, 616, 544, 128, 122, 101, 157, 24, 184, 136, 95, 190
65, 89, 225, 6, 150, 173, 45, 169, 83, 127, 223, 313, 375, 193, 314, 56, 429, 140
209, 284, 28, 50, 4, 289, 339, 117, 236, 80, 19, 207, 48, 100
624, 676, 518, 670, 580, 691, 124, 69, 120, 330, 479, 14, 431, 362, 152, 480, 420
467, 77, 113, 165, 499, 371, 598, 611, 135, 134, 79, 619, 665, 177, 475
579, 504, 686, 351, 496, 422, 648, 591, 599, 548, 556, 522, 575, 646, 541, 438, 390, 357, 349, 634
490, 27, 437, 359, 35, 679, 700, 543, 636, 354, 78, 361, 154, 562, 194
688, 71, 414, 206, 301, 130, 210, 309, 172, 489, 502, 278, 87, 228, 450, 216, 612, 373
459, 411, 307, 468, 503, 585, 149, 527, 345, 487, 352, 381, 295, 312, 158
265, 477, 97, 199, 47, 573, 514, 363, 631, 441, 684, 662, 249, 516, 3, 258
370, 690, 584, 610, 681, 493, 588, 403, 500, 650, 33, 296, 73, 5, 407
546, 229, 15, 62, 139, 141, 231, 540, 388, 376, 174, 465
18, 183, 17, 324, 63, 238, 290, 167, 205, 244, 320, 138
519, 418, 592, 507, 596, 452, 557, 689, 530, 685, 674, 406, 396, 241, 1
402, 168, 408, 587, 576, 246, 513, 255, 561, 565, 160, 558, 109, 211
649, 495, 549, 698, 469, 171, 481, 102, 116, 64, 303, 51, 639, 214, 337, 39, 85, 271, 293, 385, 653
461, 622, 454, 559, 425, 162, 661, 298, 280, 555, 501, 32, 426, 673, 329, 609
421, 444, 511, 394, 274, 537, 583, 508, 560, 8, 275, 203, 632, 20, 123, 482, 227, 399
488, 567, 427, 509, 680, 435, 618, 153, 434, 657, 656, 515, 383, 340
564, 642, 671, 242, 694, 159, 294, 535, 269, 462, 49, 232, 517, 597, 416, 25
404, 239, 285, 672, 458, 276, 348, 196, 382, 308, 331, 288, 218, 305, 176, 433, 358, 129
143, 16, 304, 197, 586, 550, 368, 53, 640, 226, 605, 178, 660, 213, 67, 350, 148, 445
299, 272, 112, 119, 316, 464, 151, 497, 534, 90, 66, 68
31, 333, 11, 219, 524, 667, 391, 658, 378, 536, 413, 22, 553, 395, 163, 12, 105
613, 542, 551, 164, 266, 483, 600, 641, 262, 215, 608, 570, 581, 202, 23
185, 506, 292, 29, 447, 189, 492, 393, 590, 144, 473, 233, 630
57, 478, 472, 277, 60, 627, 81, 633, 133, 21, 273, 237, 111
538, 620, 387, 533, 440, 430, 601, 577, 666, 699, 366, 652, 643, 10, 539, 36
335, 84, 346, 651, 110, 188, 82, 326, 37, 287, 318, 180, 41, 131, 311, 86, 323, 446, 554
104, 187, 268, 297, 306, 602, 317, 240, 26
34, 374, 607, 365, 552, 453, 419, 486, 547, 457, 563, 282, 523, 603, 593, 398, 300
659, 626, 356, 529, 505, 455, 423, 644, 412, 208, 628, 252, 182, 654, 222, 693, 155, 245
417, 574, 521, 409, 572, 682, 259, 98, 179, 470, 392, 181, 61, 201, 332, 256
491, 614, 146, 436, 75, 253, 46, 137, 107, 118, 675, 156, 621, 235
697, 474, 291, 260, 569, 251, 281, 42, 254, 212, 494, 606, 410, 364, 578, 424, 166, 448, 367
449, 115, 525, 637, 342, 439, 379, 52, 397, 582, 108, 175, 279, 94, 264, 321, 267, 257, 186
147, 198, 310, 528, 617, 571, 325, 663, 695, 344, 372, 405, 369, 615, 442, 623, 353, 668, 432
463, 664, 360, 595, 566, 355, 44, 629, 471, 692, 451, 401, 142, 7
221, 243, 70, 74, 328, 99, 40, 145, 9, 220, 195, 347, 132, 2, 302, 96
647, 484, 669, 415, 520, 466, 696, 589, 380, 389, 460, 91, 400, 683, 512, 286, 43
678, 635, 283, 531, 125, 386, 526, 377, 170, 687, 604, 38, 234, 384, 428, 485, 263
248, 106, 72, 568, 76, 270, 319, 217, 250, 93, 336, 456, 59, 247, 161, 334, 55, 230, 121
